74 74 74
74 74 74
74 74 74
74 74 74
74 74 74
71 71 71
63 63 63
58 58 58
56 56 56
59 59 59
61 61 61
61 61 61
61 61 61
63 63 63
65 65 65
67 67 67
69 69 69
69 69 69
69 69 69
69 69 69
64 64 64
60 60 60
58 58 58
60 60 60
60 60 60
61 61 61
61 61 61
61 61 61
63 63 63
65 65 65
66 66 66
66 66 66
65 65 65
66 66 66
65 65 65
66 66 66
66 66 66
66 66 66
66 66 66
66 66 66
66 66 66
65 65 65
63 63 63
51 51 51
50 50 50
49 49 49
67 67 67
68 68 68
70 70 70
70 70 70
70 70 70
70 70 70
70 70 70
69 69 69
69 69 69
69 69 69
67 67 67
62 62 62
58 58 58
57 57 57
59 59 59
61 61 61
60 60 60
61 61 61
63 63 63
63 63 63
64 64 64
66 66 66
69 69 69
70 70 70
64 64 64
64 64 64
65 65 65
66 66 66
68 68 68
69 69 69
69 69 69
66 66 66
65 65 65
63 63 63
63 63 63
62 62 62
61 61 61
61 61 61
58 58 58
60 60 60
62 62 62
69 69 69
69 69 69
69 69 69
69 69 69
69 69 69
70 70 70
67 67 67
63 63 63
59 59 59
60 60 60
59 59 59
59 59 59
59 59 59
61 61 61
64 64 64
60 60 60
57 57 57
56 56 56
59 59 59
57 57 57
54 54 54
51 51 51
53 53 53
55 55 55
55 55 55
54 54 54
55 55 55
54 54 54
55 55 55
54 54 54
56 56 56
57 57 57
59 59 59
59 59 59
61 61 61
59 59 59
58 58 58
59 59 59
59 59 59
58 58 58
58 58 58
61 61 61
63 63 63
66 66 66
70 70 70
71 71 71
74 74 74
74 74 74
74 74 74
74 74 74
74 74 74
74 74 74
74 74 74
74 74 74
74 74 74
74 74 74
74 74 74
74 74 74
74 74 74
74 74 74
74 74 74
74 74 74
74 74 74
74 74 74
74 74 74
70 70 70
68 68 68
66 66 66
65 65 65
62 62 62
60 60 60
61 61 61
62 62 62
62 62 62
63 63 63
63 63 63
62 62 62
63 63 63
62 62 62
62 62 62
62 62 62
61 61 61
59 59 59
59 59 59
60 60 60
62 62 62
63 63 63
61 61 61
61 61 61
62 62 62
62 62 62
62 62 62
62 62 62
62 62 62
62 62 62
62 62 62
63 63 63
64 64 64
63 63 63
63 63 63
61 61 61
57 57 57
56 56 56
59 59 59
65 65 65
69 69 69
69 69 69
70 70 70
66 66 66
60 60 60
58 58 58
56 56 56
58 58 58
58 58 58
59 59 59
59 59 59
58 58 58
59 59 59
59 59 59
59 59 59
59 59 59
58 58 58
53 53 53
55 55 55
53 53 53
61 61 61
61 61 61
63 63 63
65 65 65
66 66 66
66 66 66
65 65 65
66 66 66
65 65 65
66 66 66
65 65 65
65 65 65
65 65 65
63 63 63
59 59 59
57 57 57
58 58 58
60 60 60
60 60 60
59 59 59
60 60 60
63 63 63
65 65 65
67 67 67
70 70 70
69 69 69
69 69 69
68 68 68
64 64 64
61 61 61
59 59 59
64 64 64
66 66 66
65 65 65
66 66 66
66 66 66
67 67 67
67 67 67
66 66 66
68 68 68
67 67 67
67 67 67
65 65 65
65 65 65
67 67 67
70 70 70
69 69 69
69 69 69
69 69 69
69 69 69
64 64 64
63 63 63
61 61 61
61 61 61
60 60 60
61 61 61
62 62 62
62 62 62
62 62 62
61 61 61
61 61 61
61 61 61
59 59 59
58 58 58
57 57 57
58 58 58
52 52 52
50 50 50
47 47 47
48 48 48
47 47 47
46 46 46
50 50 50
53 53 53
58 58 58
58 58 58
61 61 61
62 62 62
66 66 66
69 69 69
68 68 68
62 62 62
59 59 59
57 57 57
59 59 59
61 61 61
60 60 60
61 61 61
63 63 63
63 63 63
64 64 64
66 66 66
69 69 69
70 70 70
64 64 64
64 64 64
65 65 65
66 66 66
68 68 68
69 69 69
69 69 69
66 66 66
65 65 65
63 63 63
63 63 63
62 62 62
61 61 61
61 61 61
58 58 58
60 60 60
62 62 62
69 69 69
69 69 69
69 69 69
69 69 69
69 69 69
70 70 70
67 67 67
63 63 63
59 59 59
60 60 60
59 59 59
59 59 59
59 59 59
61 61 61
64 64 64
69 69 69
69 69 69
69 69 69
69 69 69
69 69 69
64 64 64
61 61 61
58 58 58
63 63 63
62 62 62
61 61 61
62 62 62
63 63 63
63 63 63
64 64 64
63 63 63
64 64 64
63 63 63
63 63 63
62 62 62
61 61 61
63 63 63
66 66 66
69 69 69
69 69 69
70 70 70
71 71 71
74 74 74
74 74 74
74 74 74
74 74 74
74 74 74
74 74 74
74 74 74
74 74 74
74 74 74
74 74 74
74 74 74
74 74 74
74 74 74
74 74 74
74 74 74
74 74 74
74 74 74
74 74 74
74 74 74
74 74 74
74 74 74
71 71 71
70 70 70
60 60 60
57 57 57
56 56 56
62 62 62
62 62 62
63 63 63
61 61 61
61 61 61
58 58 58
58 58 58
57 57 57
57 57 57
57 57 57
57 57 57
51 51 51
49 49 49
46 46 46
52 52 52
51 51 51
52 52 52
53 53 53
53 53 53
53 53 53
57 57 57
60 60 60
64 64 64
63 63 63
63 63 63
62 62 62
61 61 61
63 63 63
66 66 66
63 63 63
61 61 61
61 61 61
63 63 63
65 65 65
66 66 66
66 66 66
65 65 65
66 66 66
65 65 65
66 66 66
65 65 65
65 65 65
65 65 65
63 63 63
59 59 59
57 57 57
58 58 58
60 60 60
60 60 60
59 59 59
60 60 60
63 63 63
65 65 65
67 67 67
70 70 70
69 69 69
69 69 69
69 69 69
69 69 69
69 69 69
69 69 69
68 68 68
69 69 69
69 69 69
69 69 69
69 69 69
66 66 66
62 62 62
59 59 59
57 57 57
58 58 58
58 58 58
61 61 61
60 60 60
62 62 62
64 64 64
70 70 70
70 70 70
69 69 69
69 69 69
69 69 69
69 69 69
69 69 69
69 69 69
68 68 68
69 69 69
69 69 69
66 66 66
65 65 65
63 63 63
63 63 63
62 62 62
61 61 61
61 61 61
58 58 58
60 60 60
62 62 62
69 69 69
69 69 69
69 69 69
69 69 69
69 69 69
70 70 70
67 67 67
63 63 63
59 59 59
60 60 60
59 59 59
59 59 59
59 59 59
61 61 61
64 64 64
69 69 69
69 69 69
69 69 69
69 69 69
69 69 69
68 68 68
68 68 68
62 62 62
58 58 58
57 57 57
59 59 59
61 61 61
60 60 60
61 61 61
63 63 63
63 63 63
64 64 64
66 66 66
69 69 69
70 70 70
64 64 64
64 64 64
65 65 65
66 66 66
68 68 68
69 69 69
69 69 69
66 66 66
65 65 65
63 63 63
63 63 63
62 62 62
61 61 61
61 61 61
58 58 58
60 60 60
62 62 62
69 69 69
69 69 69
69 69 69
69 69 69
69 69 69
70 70 70
67 67 67
63 63 63
59 59 59
60 60 60
59 59 59
59 59 59
59 59 59
61 61 61
64 64 64
60 60 60
57 57 57
56 56 56
59 59 59
57 57 57
54 54 54
51 51 51
53 53 53
55 55 55
55 55 55
54 54 54
55 55 55
54 54 54
55 55 55
54 54 54
56 56 56
57 57 57
59 59 59
59 59 59
61 61 61
59 59 59
58 58 58
59 59 59
59 59 59
58 58 58
58 58 58
61 61 61
63 63 63
66 66 66
70 70 70
71 71 71
74 74 74
74 74 74
74 74 74
74 74 74
74 74 74
74 74 74
74 74 74
74 74 74
74 74 74
74 74 74
74 74 74
74 74 74
74 74 74
74 74 74
74 74 74
74 74 74
74 74 74
74 74 74
74 74 74
74 74 74
74 74 74
74 74 74
74 74 74
74 74 74
74 74 74
74 74 74
74 74 74
74 74 74
74 74 74
74 74 74
74 74 74
74 74 74
74 74 74
74 74 74
74 74 74
74 74 74
74 74 74
74 74 74
74 74 74
74 74 74
74 74 74
74 74 74
74 74 74
74 74 74
74 74 74
74 74 74
74 74 74
74 74 74
74 74 74
74 74 74
74 74 74
74 74 74
74 74 74
74 74 74
74 74 74
74 74 74
74 74 74
74 74 74
74 74 74
74 74 74
74 74 74
74 74 74
74 74 74
74 74 74
74 74 74
74 74 74
74 74 74
74 74 74
74 74 74
74 74 74
74 74 74
74 74 74
74 74 74
74 74 74
74 74 74
74 74 74
74 74 74
74 74 74
74 74 74
74 74 74
74 74 74
74 74 74
74 74 74
74 74 74
74 74 74
74 74 74
74 74 74
74 74 74
74 74 74
74 74 74
74 74 74
74 74 74
74 74 74
74 74 74
74 74 74
74 74 74
74 74 74
74 74 74
74 74 74
74 74 74
74 74 74
74 74 74
74 74 74
74 74 74
74 74 74
74 74 74
